 TRAIN LES STLD STMD AMBASLAT AMLAT ENTORH PERIRH CA1 CA3 DG CINGULAR PRELIMB SOMSENS SUBICULUM ACCCORE ACCSHELL VISUAL PIRIFORM PARIETAL RETROSPLEN D1 D2 D3 D4 D5 
 "D5 " "H " 2162.5188786 1381.723193 733.20509461 1320.7378634 550.65937789 438.67440201 NA NA NA 1888.5033911 754.56711818 419.72625347 74.386118205 537.05298826 69.036100262 2364.2853043 1542.6366479 473.93307022 142.7174271 48.38 28.80625 27.015 14.4825 10.9175
 "D5 " "H " 2253.7243641 942.41210957 447.02070643 1334.3171699 479.10620829 624.85969499 NA NA NA 1757.5288977 460.1815864 392.75573135 262.57332435 760.69531709 86.192300157 2492.3273538 1327.2940572 317.6224292 799.15268895 47.0175 40.18375 30.905 16.19875 7.6925
 "D5 " "H " 2476.0564871 1718.0716608 435.12234211 1564.4869534 503.87191141 505.00444819 NA NA NA 1682.911855 719.66811496 526.99151425 190.87356782 815.08874046 201.4665378 2741.6097795 1343.63448 660.64278698 876.3474887 52.95875 37.8575 18.29125 10.865 9.94
 "D5 " "H " 2497.7110692 1850.489047 562.37049632 1810.611295 601.20792396 382.16027128 NA NA NA 1952.4770084 51.351420391 786.73368515 80.145629824 573.38895542 261.38803719 852.11556287 1095.9508799 611.67911649 984.04090934 45.7325 52.65875 36.78 18.55 16.485
 "D5 " "H " 2159.9612034 1752.2722416 439.47687069 1266.4850891 750.94899948 928.66268262 NA NA NA 1315.0217979 462.40427798 1319.5633496 332.62146276 1252.1692121 1003.2041437 1383.9815211 974.30283116 765.19034222 298.1244212 40.9375 50.17625 13.6275 23.0875 14.89875
 "D5 " "H " 1908.7014314 902.42174977 436.96597984 1327.9889037 658.14443562 821.89627416 NA NA NA 1352.6515529 1191.5996291 1170.4085896 158.67563462 993.72118109 796.55909231 741.6902447 559.36015587 1184.6209709 409.6984669 53.42175 25.65375 17.8375 11.33 6.3525
 "D5 " "H " 1397.8836888 977.9343506 450.67116352 1006.982465 242.57817048 248.06841581 NA NA NA 930.15270264 701.06513264 760.65055001 60.454768525 682.45076715 649.62390385 1361.7414732 341.30913733 499.5967614 182.45455281 43.23125 30.82875 14.63375 11.68125 8.9325
 "D5 " "H " 1471.1389947 1073.6015938 528.40982262 1017.1517348 361.57334462 472.50871086 NA NA NA 1540.9671653 1088.875919 1444.4386694 378.573652 943.79278877 465.73021567 1446.616115 1260.169454 668.64520444 639.19874304 27.60625 28.32875 23.49625 6.13375 5.6575
 "D5 " "H " 2680.2471374 1277.291026 540.3655274 1672.444896 450.33672803 465.0655011 NA NA NA 2121.3722001 1212.3959315 1032.8186323 317.29748965 810.5269094 625.80322475 1912.3756984 924.61033879 482.16098043 213.6662995 24.38 19.54625 11.80625 15.1975 6.62625
 "D5 " "H " 2605.7150063 1658.1653095 679.44198613 1750.4069005 190.88583418 186.65084559 NA NA NA 1905.8407027 1644.2725767 953.82748032 373.95999624 831.59408678 138.86533649 1394.3112299 956.38980091 1182.4117119 1462.7395956 38.91875 22.8875 20.9525 12.715 5.99875
 "D5 " "H " 220.36998298 940.05475381 433.82476582 848.88746365 449.87826807 271.35792393 NA NA NA 1328.7931498 1356.0543671 1100.4718089 551.90815158 175.24633625 213.76359942 1888.1779854 852.38748728 929.28971894 585.07281816 42.79625 18.06125 15.94625 12.5 7.45
 "D5 " "H " 3033.4674588 1979.614041 550.48394246 765.07755081 52.686794153 126.64439211 NA NA NA 1576.5345761 980.72551887 1089.9628711 213.02181297 951.09237375 792.86123384 921.77712779 774.82904056 690.53388615 609.23908852 26.86625 26.55 23.7275 13.735 16.60625
 "D5 " "H " 447.43327563 1161.4719412 200.07899599 388.95304886 218.18127608 90.650350087 NA NA NA 1341.7818872 660.13773792 501.78864221 15.466639176 9.2089505068 97.08079961 1899.2050564 346.09641412 356.50369074 71.757660864 22.9775 18.35375 21.80375 11.50875 10.11625
 "D5 " "H " 2264.8033453 1302.5904449 573.6337233 574.43366927 114.38749723 135.82273959 NA NA NA 1303.0469496 1054.3271578 577.73490983 527.59889646 152.29119624 271.53633261 1771.0759205 973.96576711 517.72589015 128.85967626 27.68375 30.80375 36.98625 16.22875 9.1725
 "D5 " "H " 1912.9298633 661.15727557 530.66421068 721.84775619 208.99338748 259.3492519 NA NA NA 1035.5243004 537.41923635 491.51999435 54.752681422 103.80867623 141.35464871 1419.5458625 861.85095845 578.87095906 250.21363031 47.8075 30.19625 16.71375 18.325 9.06125
 "D5 " "H " 2129.9373922 1464.2567604 596.90282112 1085.2088903 317.66590726 690.26514883 NA NA NA 1246.917874 466.02764359 1133.7740321 674.36857979 562.53317083 812.7388917 1501.6714419 1034.4662508 1198.3215201 675.34247467 45.265 19.2675 12.885 13.42625 7.7025
 "D5 " "H " 1519.5064975 951.58813377 470.28475344 1120.301878 240.16797438 622.09330801 NA NA NA 1181.2109408 1087.4358113 602.61418545 539.28481622 94.285144618 55.103883958 1270.128679 738.2105645 854.07115143 187.35278165 39.95125 27.5525 21.18625 20.025 9.99375
 "D5 " "H " 127.0035813 76.978965602 337.24686111 532.73765444 271.25312384 648.20365388 NA NA NA 665.03862226 910.48196927 675.95792569 199.31859076 71.351954719 48.977361751 1800.0285919 1285.8619495 615.10843728 259.77473893 37.22125 17.365 12.33125 7.63875 4.41625
 "D5 " "H " 2575.5787788 1343.7239282 780.39687016 1097.9460065 494.90883796 872.2256248 NA NA NA 2041.7037189 787.38757032 1122.4048526 198.29798835 763.310434 200.24140628 2356.8211194 1502.4652604 1191.6545453 694.3205167 39.75 21.41125 20.02125 13.55875 14.46375
 "D5 " "H " 2063.8801758 1554.9980542 936.97579285 1220.4230422 319.91477588 523.14644964 NA NA NA 1763.925715 902.66388532 910.51110191 585.58759217 893.29752754 283.85511759 2086.9183525 1216.0405195 1954.102204 661.92112392 48.02875 20.52 13.28375 18.1275 14.99625
 "D5 " "H " 2078.9927239 873.8015835 491.36543992 1267.1137572 172.14223872 414.69737252 NA NA NA 1568.5532336 1359.3260783 669.74222128 0 1143.9672207 352.5346748 2483.6562366 1277.7869962 1215.844116 211.50701549 31.4475 36.67625 33.5525 23.22625 16.83125
 "D5 " "H " 1492.2731246 796.80966728 471.46193253 1367.6256104 342.24585704 546.09091119 NA NA NA 1696.4146378 990.89979752 489.38591731 390.68105344 602.38198779 104.94274705 1580.2455378 1392.9565843 1418.5282131 182.07045331 37.5375 39.69625 23.655 13.48 11.98875
 "D5 " "H " 1466.8413674 1145.4067103 411.01209128 921.98315637 446.01656058 1013.0865564 NA NA NA 2187.2375075 613.46460605 580.41809127 50.128499395 700.96790267 819.79692847 947.06004319 988.2248185 311.85062954 131.4129028 40.025 19.93875 18.62375 9.56375 8.35875
 "D5 " "H " 2129.6703296 1015.8409156 306.53093442 904.42626213 407.14660141 960.89704809 NA NA NA 1619.5530229 544.82173089 806.09024087 389.05830874 390.52768388 225.55579383 706.63627827 515.21619378 367.61260538 270.39861321 44.15875 27.4275 19.2975 18.9 10.033
 "D3 " "H " 19.631678497 613.40440242 12.739769667 229.05714561 91.724642257 453.80864595 NA NA NA 1189.0509468 302.70551333 295.80710834 30.394445522 0 0 1650.0002281 290.76140481 699.04262912 30.174909352 38.455 31.34125 20.06875 NA NA 
 "D3 " "H " 2236.0769898 1268.1459891 341.25102832 729.08290417 415.7691002 509.17631363 NA NA NA 974.83260516 510.97579412 763.27006116 76.244278995 499.21100197 371.69840748 727.26511361 680.28563265 1195.5320944 121.22470805 36.06 31.03125 17.0425 NA NA 
 "D3 " "H " 582.83526699 731.96151057 229.40977477 776.59616362 286.12744421 709.55607394 NA NA NA 890.95062195 377.26991182 1248.5505701 109.39313647 421.90587968 393.89280894 1135.8754348 1075.2905611 616.52533974 58.442500808 25.7325 27.72125 19.04375 NA NA 
 "D3 " "H " 1077.5383133 737.61797543 210.0732657 537.35997076 194.47331833 239.68073042 NA NA NA 1469.8007371 519.55473737 1093.7164877 3.5179384307 60.961367302 132.41394847 483.80341729 998.24829658 971.3159493 293.54620486 51.29 27.79125 39.07875 NA NA 
 "D3 " "H " 1489.3746725 1068.3961484 233.193696 549.43862482 225.42336773 568.3275911 NA NA NA 794.78788883 728.44302054 801.50704667 231.5031402 293.74147295 174.79479828 1289.0062206 649.29026426 779.48849833 666.4600901 37.21375 19.4125 15.61875 NA NA 
 "D3 " "H " 1687.1248626 1850.6294073 559.49422954 964.75503432 382.03887039 873.31788012 NA NA NA 1522.2635968 583.4597959 1170.5920075 238.45322898 716.92129428 188.20150203 795.24248258 729.41911244 654.31085869 383.16501744 42.67 23.43375 21.39375 NA NA 
 "D3 " "H " 1359.7338595 1081.5922458 242.27725533 740.20375999 398.2957197 780.92737649 NA NA NA 1179.412204 768.92572234 1408.0628813 244.1993973 643.18992495 327.22929028 911.16966236 461.51412001 190.94639718 225.11235754 35.25375 28.28375 15.4575 NA NA 
 "D3 " "H " 1527.449554 1553.5218701 190.33886322 951.54921581 103.89285586 328.02827144 NA NA NA 1530.0270668 393.21487405 468.31589663 252.21311923 683.50357545 342.55287675 889.42557747 369.72492058 770.62204871 369.36895186 42.59 23.73875 19.08375 NA NA 
 "D3 " "H " 1504.496693 1628.5230973 481.87629746 830.83183714 276.03487762 594.27404754 NA NA NA 1413.5438471 734.43603767 1061.0880465 255.93692239 620.14792595 448.42252218 1697.8287521 390.27603538 1390.4268072 731.26147651 35.595 28.1225 24.63625 NA NA 
 "D3 " "H " 1844.1578909 1411.1269569 657.61089438 728.790325 537.51699608 621.73336948 NA NA NA 1690.5018374 934.18671912 445.45215845 60.677213722 619.50059794 446.23260758 2060.8394338 819.58419354 1014.4011743 490.25299397 38.18875 23.89 18.6025 NA NA 
 "D3 " "H " 1334.2454992 1173.7788622 623.26431781 995.57011831 561.64069062 763.93511693 NA NA NA 1419.5049327 1221.3623422 1257.3004234 168.78843304 467.51053953 536.74305376 1058.9870811 656.7918242 1388.025567 178.65174152 34.7975 40.18125 27.0675 NA NA 
 "D3 " "H " 956.44905357 666.44006629 105.07087803 370.93455873 216.27491501 149.09119949 NA NA NA 161.77859133 1113.9347849 267.28042817 69.717217577 197.2366125 60.66397126 2578.5550457 205.55602301 1013.7774219 180.70522654 39.42875 42.90875 23.735 NA NA 
 "D3 " "H " 2145.384043 1959.8445106 904.33601932 1412.5148422 517.29181939 739.94996455 NA NA NA 1932.0040668 501.68781578 1657.4182888 927.16774889 1273.1106741 765.37616457 2608.1663282 2156.240269 2107.6320279 1482.6450957 35.24375 49.615 20.04125 NA NA 
 "D3 " "H " 2038.7467633 1468.4872495 873.71290214 1747.0339281 313.0778971 213.58225172 NA NA NA 1522.1914439 1205.6598722 961.03711807 289.70736157 1005.0299387 607.62277089 2349.776063 1054.8969771 1392.1113795 714.21050031 40.6925 30.02375 22.00375 NA NA 
 "D3 " "H " 2098.1669164 1690.2821817 611.48551525 1637.1285731 159.57977133 141.18464288 NA NA NA 1291.7541204 839.97196571 1000.9821329 199.18995409 1211.1382438 1000.6810318 2525.3455156 1455.1874829 930.4257024 178.79583831 40.02 26.7175 30.05125 NA NA 
 "D3 " "H " 2168.4447968 1836.2487162 684.59717389 1361.3641167 401.06620019 235.36004199 NA NA NA 1593.1330754 258.44781987 1206.0895015 51.713521449 708.7601004 338.61933447 2178.3968241 1084.332708 1417.6377658 585.50802548 36.64 30.535 30.19375 NA NA 
 "D3 " "H " 2051.6889951 1636.8039463 771.89944597 1105.8565654 450.91544854 439.70554068 NA NA NA 1001.593244 1002.6614633 1090.0306469 153.6421365 1063.4243746 423.53708846 1143.2052417 1410.1966064 1609.8839043 711.64189621 48.3475 36.45875 28.64125 NA NA 
 "D3 " "H " 2080.8766916 1810.1889714 674.19626027 1431.9131307 495.52609382 494.03322968 NA NA NA 1072.3151347 710.33525569 1233.6413921 155.16132866 955.95737099 1148.3949525 1915.0931587 1396.1458862 798.49965577 698.16546165 22.79625 34.7625 23.13875 NA NA 
 "D3 " "H " 412.7591967 999.87054176 652.45592035 1183.0069636 145.34974565 102.31343955 NA NA NA 746.29735239 616.24037114 1137.722722 652.18270952 408.56287606 595.08793391 1679.0646734 850.64491751 1614.8015112 219.99130351 37.84875 48.3625 35.835 NA NA 
 "D3 " "H " 1979.9347765 800.06222489 613.67105942 1504.2344271 107.30788764 234.34060429 NA NA NA 1093.6215325 580.7255673 868.60229946 459.81712374 561.13736304 228.09360091 1114.422317 620.7615209 131.94908212 98.332574257 40.15375 32.54 27.8325 NA NA 
 "D3 " "H " 1674.5372674 1132.4763682 427.14157287 728.31109535 249.29914011 432.60953815 NA NA NA 1179.9426336 1671.4619909 827.89595776 684.19270706 272.87447047 262.40223714 1689.9358251 775.92761082 999.49025007 223.12835464 25.105 14.68375 9.5475 NA NA 
 "D3 " "H " 2608.4473499 1642.4100188 697.09527476 1488.1784614 512.72635106 525.84643018 NA NA NA 1141.3206519 1432.4988526 1365.9370772 355.9058231 913.40674236 492.37820754 2308.5930468 1361.3625244 1371.9893507 294.86115246 28.19 35.025 22.10375 NA NA 
 "D3 " "H " 2475.1834069 2148.1133177 550.03209726 1384.3926975 376.10235007 574.60870883 NA NA NA 1098.8716782 965.4514885 875.95941077 603.59917566 954.74941068 938.71986907 2258.0596246 1104.2273575 1799.5245568 491.72858292 37.22125 27.92 24.4675 NA NA 
 "D3 " "H " 1345.3036855 1235.309931 526.15829865 1269.9197793 366.16357013 638.51838364 NA NA NA 1279.7911573 793.0819586 867.79808267 140.75467378 335.99606952 251.16690659 1837.7650123 1313.0553787 1227.868364 242.42247595 30.50125 30.12375 16.3475 NA NA 
 "D3 " "SH " 1626.1525397 935.84010542 737.79538084 980.69473242 494.66351524 496.88995815 1415.1856191 243.9561788 180.74902733 1336.6044413 1470.4061291 701.21691876 518.09580901 1055.6125186 818.64180451 973.22981966 1455.3917751 1313.5287908 853.69771422 24.10125 15.2225 10.98625 NA NA 
 "D3 " "SH " 1663.3876302 974.77901405 625.30281136 882.48322501 436.86370168 858.24223263 1656.9073894 200.29695311 152.28290905 1076.5801353 727.77573392 729.25828626 369.83677049 655.04192108 332.23015403 1747.3206333 1203.692582 1240.298138 718.07637904 33.15 22.35375 17.0425 NA NA 
 "D3 " "SH " 891.51091569 299.46028982 333.65486224 649.72695734 223.72038084 159.93247716 70.21876419 4.2661124406 87.919022293 914.70087471 1010.9571027 685.58079054 265.23604972 788.64303473 432.53809457 1561.6277266 682.18994715 1418.592445 814.96526175 21.65875 12.325 15.87375 NA NA 
 "D3 " "SH " 948.40051974 128.13055548 263.13040213 1007.365822 274.82359961 238.39515317 372.21411692 17.678919304 10.689113603 732.41024136 1729.0604395 696.26239846 21.42566193 220.16504893 212.58605483 1632.5533677 555.5769987 821.90181686 456.06799831 34.51875 17.4975 16.1075 NA NA 
 "D3 " "SH " 508.16882598 431.34005362 358.7202417 688.16882677 170.15070152 186.71007438 1321.0519537 229.94597719 119.65765617 1523.14233 257.04642352 1158.7196711 138.8927984 166.5759097 205.41805722 1513.8983866 900.566224 907.17081207 891.52738264 26.60625 18.59125 19.7075 NA NA 
 "D3 " "SH " 370.46684016 443.37642453 324.14964796 486.59254366 292.43171091 393.30657137 1318.2659188 140.79655111 124.47172062 826.64616214 1063.8606737 969.74623477 285.07100263 174.21331293 137.90439873 2147.8360949 272.61356932 394.90355975 576.11592643 38.23375 25.22375 16.17875 NA NA 
 "D3 " "SH " 1108.4922573 1360.4524738 836.19266642 1600.3403438 433.93319669 708.14216684 1104.0429011 281.11928445 127.81177118 1191.4208691 766.80236253 1100.8677286 732.47287303 1035.2953392 517.22113635 1673.9369254 1242.9914321 1269.6966444 737.96010317 33.56625 21.19 9.54375 NA NA 
 "D3 " "SH " 396.16665886 1397.0040076 388.60391597 538.44647853 370.81140205 378.5004267 1500.2757108 385.0907223 404.70400843 1046.1510251 1040.1642252 953.75367457 405.51498663 251.73650539 368.00971786 2127.6739807 673.49088706 676.56018342 976.95283036 37.42125 18.94875 9.0075 NA NA 
 "D3 " "SH " 880.54929328 1271.7009329 581.85276463 1095.8304395 593.76456101 627.43684556 1200.4445256 578.15734343 325.71509319 1351.828888 117.28742495 912.29138694 691.71380267 455.31649589 140.89682395 1338.5969405 1359.8377304 525.38781018 1098.6391521 26.10375 20.9325 18.65375 NA NA 
 "D3 " "SH " 1417.2134803 1298.3413344 859.97088429 1501.3049342 189.03618019 189.08018145 1398.369096 564.15116025 343.08008812 1153.4496473 739.77344087 1579.4155786 998.72937344 711.52276699 481.46140953 1100.8310123 1150.6364658 1134.3568101 1182.9094662 28.99375 20.74125 19.895 NA NA 
 "D3 " "SH " 383.26329663 785.74461811 539.46648606 1055.5191953 159.88276143 254.04632407 1141.8075891 250.83025691 159.75250154 866.18779898 1152.7273795 693.03712993 343.84813615 144.96199121 290.0949573 2014.6520224 345.79623247 542.18605294 695.5210492 29.47 21.155 22.76375 NA NA 
 "D3 " "SH " 1361.56923 1339.4888184 686.54902426 1422.8368821 556.68627444 999.04939569 1869.6401596 510.60313544 280.56048067 1709.6158679 617.12882187 1331.2484449 1168.3214436 633.67848669 91.23609541 1106.7198272 1159.8775947 1347.579596 1321.5874935 27.3025 13.93875 7.75 NA NA 
 "D3 " "SH " 346.1914575 840.45129906 582.10463068 1034.7604095 141.97461867 307.30293665 652.48845148 213.46019584 168.94745676 881.66960997 1639.706623 747.99675654 222.62067654 362.1313707 180.03175798 1688.3043964 784.03146129 869.30524763 897.77812453 25.36 15.82125 11.955 NA NA 
 "D3 " "SH " 1075.1482259 1308.8871975 856.55527079 1046.8525145 307.82781284 503.79355801 1565.6900936 236.31975034 185.68272984 841.07653236 861.85708888 728.74639935 394.62944652 902.70431155 901.83436689 1826.866169 1031.482186 1584.0192058 1113.055345 20.47375 12.16375 19.685 NA NA 
 "D3 " "SH " 260.01123525 679.54067581 600.34327164 1139.0164295 266.21390407 420.47616505 460.52385748 219.77813269 94.234232389 764.45147649 801.9404991 838.41349093 386.85162777 383.66610613 765.41229645 1557.0153943 660.33365879 1547.5808239 870.83651233 24.52625 13.64125 13.21125 NA NA 
 "D3 " "SH " 1093.7872577 1265.1649265 732.93042683 1351.7834073 376.76782138 982.05680449 1623.7659194 290.83958673 599.56511961 729.13700383 795.34396491 1588.153663 847.58389458 894.02528363 1132.268215 1262.0692423 1406.4114497 1277.6701152 989.63494131 19.71875 26.70875 18.10625 NA NA 
 "D3 " "SH " 208.62825786 1239.4769679 525.32195849 939.08506866 200.57721042 573.59214142 453.59534074 205.89809132 232.25835072 740.87835053 638.10529883 840.27247745 419.76392867 330.70650437 289.62637952 1481.4533362 568.11174993 1009.9985743 772.24390717 29.32 20.49625 16.07875 NA NA 
 "D3 " "SH " 733.9499109 1701.5004258 565.38114215 1117.2360824 410.31356656 709.68072041 1271.1870042 310.15068826 250.20322757 858.72017909 551.07239242 1168.6593893 829.91501438 754.46266732 888.9332832 995.50343032 801.75721923 1074.2213086 1068.8488178 29.16125 14.39 10.30125 NA NA 
 "D3 " "SH " 439.78745913 1560.9403265 587.41011325 932.84677082 274.7239455 247.54010966 1111.2433226 146.1694997 380.98558076 765.21908953 1444.8897467 959.06234343 442.22832852 420.65487653 632.76787843 1473.8602155 707.78751805 835.4763451 788.04153045 18.605 15.97625 20.5575 NA NA 
 "D3 " "SH " 353.72887737 1463.2965791 558.74723106 1505.7654484 214.41602314 317.83187036 813.51652585 541.44237163 523.05003299 1050.4451758 679.86908245 975.64349838 491.5853658 606.47722528 1160.3095143 1276.5890827 880.09578506 1342.8649155 839.78593773 15.5875 17.78625 17.895 NA NA 
 "D3 " "SH " 220.45764065 641.65051134 340.22634967 834.73349818 361.54961303 405.42856291 467.74155161 268.62789419 333.43086986 828.51842053 1131.2161455 657.40362225 332.41317304 263.97940941 711.34451169 1569.5077692 557.87743496 1568.5863095 614.09116204 26.545 14.145 20.66125 NA NA 
 "D3 " "SH " 1760.9146189 1262.1462013 872.04858888 1642.9459855 350.42781517 479.06419299 1230.0908611 452.71095775 454.29463449 1580.3992299 905.94298369 1757.5623836 796.7302105 1821.3205331 1351.126877 1535.6844738 1386.737172 1909.1968801 882.4790915 23.45875 20.70875 7.99625 NA NA 
 "D3 " "SH " 636.86053258 1334.9829841 592.85413711 1388.5665638 231.10915864 290.75015813 726.78045892 593.44354587 287.75467267 1226.4268675 885.61756798 1505.1684991 644.74898393 1336.5930104 505.29001637 1783.7036033 1346.251413 1647.3231594 811.69714219 20.00875 13.06375 11.06125 NA NA 
 "D3 " "SH " 483.56561264 797.28423686 473.02748616 1103.8236543 160.62848673 424.44478672 836.41024811 416.63832658 329.66400706 764.00194852 1272.508313 1154.773161 390.42027711 845.21775131 588.85323094 2886.802709 634.32897128 1015.9406335 893.17660169 23.63125 34.6425 28.94125 NA NA 
 "D5 " "SH " 1813.8388346 1547.3892255 456.10121762 1252.1829496 950.26504005 1320.2009463 2195.787255 1144.2226689 417.7549206 1661.8589755 953.07488393 1865.8377338 657.21609755 1566.0835192 1175.6515042 2903.7704976 1866.7762837 2793.7330601 1272.0796288 27.6325 16.185 21.63625 10.21375 14.46875
 "D5 " "SH " 1773.6807766 1366.7777126 753.58454568 1677.5057767 535.36040623 639.13304709 1399.6061243 1015.294055 522.96942489 1548.2171946 1375.8973358 1216.2265767 760.01135028 1289.464906 836.91010432 2385.4412448 1525.6830695 2247.4916278 964.75994465 50.45625 23.19625 17.84 11.855 14.6175
 "D5 " "SH " 1864.7841562 1948.1798103 831.9439292 1438.5605557 843.05108251 1179.2812351 1743.2089508 1111.8615637 573.25526707 2001.3952159 1116.3762144 735.46566042 1021.0263719 1425.7505493 736.60812242 3064.4035838 1510.4866425 2288.5169234 1396.537554 26.8175 15.08125 16.41 11.01875 5.7325
 "D5 " "SH " 1458.5698669 2254.3774962 752.04417739 1692.0424218 784.93910533 1142.6741696 1491.6185167 752.50317797 317.13121314 2016.0758642 1415.5287892 1267.4683257 1345.210736 1462.9356794 574.5134582 2701.9023554 1321.0698362 2575.6412458 1781.0728421 27.94125 25.865 15.97625 17.85375 13.2225
 "D5 " "SH " 1943.3974304 1079.1843555 863.02795739 1566.874292 716.73771897 985.17927118 1687.0435373 733.19733883 342.40082427 1150.257175 1100.6086135 1479.1936946 850.31582754 878.44194305 330.54771619 2916.8374888 736.15661661 1580.3294016 831.80879116 48.7 23.755 18.56875 19.97875 10.05625
 "D5 " "SH " 2311.4413267 2045.3673051 744.74699732 1777.8396182 951.56071309 1227.2127326 2011.6920592 715.01510566 439.93620199 1370.6390985 869.63490577 1531.7168886 1140.8269204 2140.9432204 1718.7313929 2187.1625108 1246.4646531 2045.3338964 1537.5965919 43.875 22.80625 9.58875 12.04125 5.74875
 "D5 " "SH " 941.33681596 1747.5611202 424.75302672 1747.6631771 365.00612986 1230.1495159 894.26805069 245.97193872 167.39391334 990.43181685 1921.2339257 1727.0268242 593.05281155 1536.9514059 1599.3979419 3633.5383535 698.19871851 1057.3797292 524.35818789 20.985 22.7125 20.65 16.73375 11.56625
 "D5 " "SH " 1288.3343633 1578.6136409 474.14074434 1478.8173106 658.92842363 1440.0467546 1767.4868162 644.40864833 378.89746987 1039.6582699 1061.2734897 1625.8054329 424.54208449 494.97805926 280.37887693 2217.8620402 617.94858324 1248.0703809 1038.9526781 40.89625 23.61625 15.5725 15.49125 10.15375
 "D5 " "SH " 2267.0380366 1497.0050497 528.20234699 1716.125564 463.7971134 963.33593355 1983.9453945 623.08889028 316.45107851 663.83858856 1133.1023315 395.58747966 808.1220415 1013.1565797 422.02480661 2764.257881 824.34027184 1400.3126219 1580.0857658 35.585 35.76875 18.10125 17.94375 13.1075
 "D5 " "SH " 2099.5205283 1665.2592695 715.60486527 1998.824968 867.80306391 1591.4357247 1532.4933995 981.68652461 409.54387025 524.44943975 240.3779047 1260.0026653 782.02482861 1259.120922 1444.4653215 2831.6341655 1262.3892348 1757.6799687 1325.8714997 28.51125 23.98875 18.1175 7.5775 8.36
 "D5 " "SH " 1249.2045692 1192.3471345 566.07273567 1278.9000154 30.109245224 268.23882035 1932.4834533 822.58861233 312.15052045 910.5620877 1153.9840482 1067.749564 781.04962993 711.34906335 903.04890661 2632.2657857 593.02379296 1963.5250038 1070.2533412 39.63125 30.2 12.4925 11.16375 13.60625
 "D5 " "SH " 1979.8900873 821.45058416 602.07012604 1411.8769234 378.41401783 870.40640633 2003.4493351 1142.7968243 131.10420014 1649.1673521 1606.8695374 868.81002359 875.28996785 316.61853774 246.73342258 135.99697284 759.38122882 924.42727517 1312.4448544 30.7125 23.07375 16.5925 13.015 12.8675
 "D5 " "SH " 133.59504512 463.99632627 74.448021546 356.13330055 27.2939151 226.27389808 1030.870351 417.24845907 134.93104678 139.26156976 1420.5470629 116.24833661 260.50185204 362.49083463 80.802882798 1568.8115929 190.24935574 87.724212121 368.52216579 30.5125 29.3025 18.375 11.1525 7.7
 "D5 " "SH " 773.18477524 1422.4592774 96.023696743 585.13048656 225.01124821 568.13352613 1620.3005411 516.81621371 238.2517146 548.61457851 263.5041482 602.14722388 506.63651648 621.17701575 393.80187762 599.24589196 509.56976334 321.39462637 296.61008392 30.45875 14.345 12.5175 11.47625 7.77
 "D5 " "SH " 31.207382828 120.32348204 304.95157385 946.86324707 179.10884714 404.82744779 1192.2696492 83.819397069 112.85861289 156.77801793 821.83772272 340.45649192 156.64235814 65.939485187 24.801920188 2205.7933056 162.6236003 487.57350294 222.17994115 21.7675 20.94 19.5925 9.4875 7.9125
 "D5 " "SH " 571.2735681 1372.544506 580.28262722 1365.7266586 534.01839605 882.73262826 2271.3863943 551.46585727 180.62428135 1009.9287906 83.171615517 543.8899545 194.94465591 697.6660332 478.23116249 1284.5396783 833.34175278 1268.9180544 501.65930164 23.555 20.57625 16.185 8.29625 6.33625
 "D5 " "SH " 368.56611745 881.81470897 544.39685287 1253.6747079 376.02249239 374.62340262 2172.6204587 919.87371578 204.57055464 918.98789308 822.6883793 453.422549 236.41346907 185.53277878 135.43867639 1492.1365042 616.66287179 1181.7509434 524.01888281 32.63625 30.4875 21.31125 7.295 4.39375
 "D5 " "SH " 1990.6642047 1559.8981565 790.80917915 2149.4548991 552.41526843 559.17062703 1547.8993041 1034.7954622 351.40359849 1893.9317945 482.74650626 1497.6543859 753.93485151 1026.1751126 809.05582258 1497.7254323 1497.7254323 1347.3921156 1418.0520368 27.5425 20.1625 21.02125 13.195 8.6875
